4.5680865e+01   9.2631422e-01
4.5700095e+01   1.1046006e+00
4.5680865e+01   1.1046006e+00
4.5687277e+01   9.2631422e-01
4.5703299e+01   1.1046006e+00
4.5700095e+01   1.1046006e+00
4.5728940e+01   1.5503167e+00
4.5748169e+01   1.2828869e+00
4.5751376e+01   1.3720301e+00
4.5722528e+01   1.3720301e+00
4.5725735e+01   1.2828869e+00
4.5738553e+01   1.4611734e+00
4.5754581e+01   1.1046006e+00
4.5757785e+01   9.2631422e-01
4.5712915e+01   8.3717093e-01
4.5719324e+01   8.3717093e-01
4.5722528e+01   1.2828869e+00
4.5751376e+01   1.1046006e+00
4.5719324e+01   1.2828869e+00
4.5722528e+01   1.2828869e+00
4.5732147e+01   1.2828869e+00
4.5671249e+01   1.2828869e+00
4.5725735e+01   1.5503167e+00
4.5722528e+01   1.3720301e+00
4.5709711e+01   1.1937437e+00
4.5728940e+01   1.0154574e+00
4.5728940e+01   1.0154574e+00
4.5728940e+01   1.0154574e+00
4.5748169e+01   9.2631422e-01
4.5751376e+01   1.1046006e+00
4.5786627e+01   1.2828869e+00
4.5783426e+01   1.2828869e+00
4.5773810e+01   1.1046006e+00
4.5831497e+01   1.2828869e+00
4.5809064e+01   1.2828869e+00
4.5825092e+01   1.2828869e+00
4.5853934e+01   1.1046006e+00
4.5831497e+01   8.3717093e-01
4.5879575e+01   9.2631422e-01
4.5892395e+01   8.3717093e-01
4.5882779e+01   1.1046006e+00
4.5905215e+01   1.2828869e+00
4.5863550e+01   1.3720301e+00
4.5898807e+01   1.4611734e+00
4.5850732e+01   1.2828869e+00
4.5879575e+01   1.2828869e+00
4.5847525e+01   1.0154574e+00
4.5866754e+01   8.3717093e-01
4.5860345e+01   9.2631422e-01
4.5853934e+01   9.2631422e-01
4.5869962e+01   1.2828869e+00
4.5847525e+01   1.2828869e+00
4.5841116e+01   1.1046006e+00
4.5799451e+01   1.2828869e+00
4.5866754e+01   1.2828869e+00
4.5821884e+01   1.0154574e+00
4.5847525e+01   9.2631422e-01
4.5847525e+01   8.3717093e-01
4.5837909e+01   9.2631422e-01
4.5863550e+01   9.2631422e-01
4.5898807e+01   1.3720301e+00
4.5889191e+01   1.3720301e+00
4.5959702e+01   1.1046006e+00
4.5908420e+01   1.0154574e+00
4.6004572e+01   8.3717093e-01
4.5991748e+01   9.2631422e-01
4.6001364e+01   1.2828869e+00
4.6059058e+01   1.2828869e+00
4.6036621e+01   1.2828869e+00
4.6059058e+01   9.2631422e-01
4.6062259e+01   9.2631422e-01
4.6081491e+01   9.2631422e-01
4.6103928e+01   7.4802771e-01
4.6081491e+01   9.2631422e-01
4.6071875e+01   1.1046006e+00
4.6059058e+01   1.2828869e+00
4.6091104e+01   1.2828869e+00
4.6087900e+01   9.2631422e-01
4.6062259e+01   8.3717093e-01
4.6071875e+01   8.3717093e-01
4.6062259e+01   8.3717093e-01
4.6068671e+01   1.1046006e+00
4.6033417e+01   1.1046006e+00
4.6036621e+01   1.0154574e+00
4.6027005e+01   1.2828869e+00
4.6039822e+01   1.1046006e+00
4.6039822e+01   1.1046006e+00
4.6023801e+01   1.1046006e+00
4.6059058e+01   1.1046006e+00
4.6084692e+01   7.4802771e-01
4.6132770e+01   1.0154574e+00
4.6084692e+01   1.1046006e+00
4.6148798e+01   1.0154574e+00
4.6180844e+01   1.1937437e+00
4.6187256e+01   1.1046006e+00
4.6232126e+01   9.2631422e-01
4.6216101e+01   9.2631422e-01
4.6251355e+01   1.1046006e+00
4.6276996e+01   1.2828869e+00
4.6238535e+01   1.2828869e+00
4.6264175e+01   1.2828869e+00
4.6276996e+01   8.3717093e-01
4.6286612e+01   8.3717093e-01
4.6283405e+01   1.0154574e+00
4.6241742e+01   1.1046006e+00
4.6276996e+01   1.2828869e+00
4.6248148e+01   9.2631422e-01
4.6260971e+01   9.2631422e-01
4.6270584e+01   1.1046006e+00
4.6241742e+01   1.1046006e+00
4.6254559e+01   1.1937437e+00
4.6260971e+01   1.0154574e+00
4.6235330e+01   9.2631422e-01
4.6190460e+01   9.2631422e-01
4.6203278e+01   1.0154574e+00
4.6228918e+01   1.1046006e+00
4.6206485e+01   1.2828869e+00
4.6184048e+01   1.1937437e+00
4.6235330e+01   9.2631422e-01
4.6232126e+01   1.0154574e+00
4.6276996e+01   1.1046006e+00
4.6286612e+01   1.3720301e+00
4.6270584e+01   1.2828869e+00
4.6331482e+01   9.2631422e-01
4.6334686e+01   7.4802771e-01
4.6357123e+01   8.3717093e-01
4.6331482e+01   1.2828869e+00
4.6382758e+01   1.1046006e+00
4.6357123e+01   1.2828869e+00
4.6405197e+01   7.4802771e-01
4.6360324e+01   9.2631422e-01
4.6382758e+01   1.1046006e+00
4.6379556e+01   1.3720301e+00
4.6363528e+01   1.3720301e+00
4.6395581e+01   1.1046006e+00
4.6392374e+01   7.4802771e-01
4.6418015e+01   1.1046006e+00
4.6382758e+01   1.1046006e+00
4.6395581e+01   1.2828869e+00
4.6389169e+01   9.2631422e-01
4.6376352e+01   8.3717093e-01
4.6369940e+01   8.3717093e-01
4.6341095e+01   1.1046006e+00
4.6344299e+01   1.3720301e+00
4.6344299e+01   1.0154574e+00
4.6363528e+01   8.3717093e-01
4.6325070e+01   9.2631422e-01
4.6337891e+01   1.0154574e+00
4.6350711e+01   1.1046006e+00
4.6369940e+01   1.2828869e+00
4.6353915e+01   1.2828869e+00
4.6369940e+01   1.0154574e+00
4.6395581e+01   1.0154574e+00
4.6418015e+01   1.1046006e+00
4.6401993e+01   1.1046006e+00
4.6427631e+01   1.0154574e+00
4.6456473e+01   7.4802771e-01
4.6434039e+01   7.4802771e-01
4.6411603e+01   8.3717093e-01
4.6450067e+01   1.3720301e+00
4.6456473e+01   1.2828869e+00
4.6430835e+01   1.1046006e+00
4.6408398e+01   8.3717093e-01
4.6456473e+01   1.0154574e+00
4.6443655e+01   1.2828869e+00
4.6430835e+01   1.2828869e+00
4.6446860e+01   1.2828869e+00
4.6427631e+01   1.1046006e+00
4.6434039e+01   8.3717093e-01
4.6430835e+01   1.1046006e+00
4.6446860e+01   1.1046006e+00
4.6411603e+01   1.1046006e+00
4.6411603e+01   1.1046006e+00
4.6405197e+01   1.1046006e+00
4.6421222e+01   8.3717093e-01
4.6434039e+01   8.3717093e-01
4.6398785e+01   1.0154574e+00
4.6382758e+01   1.2828869e+00
4.6427631e+01   1.3720301e+00
4.6398785e+01   9.2631422e-01
4.6408398e+01   8.3717093e-01
4.6434039e+01   1.1046006e+00
4.6443655e+01   1.3720301e+00
4.6446860e+01   1.2828869e+00
4.6462885e+01   1.2828869e+00
4.6462885e+01   1.0154574e+00
4.6466092e+01   9.2631422e-01
4.6507755e+01   1.1046006e+00
4.6456473e+01   1.2828869e+00
4.6472501e+01   1.3720301e+00
4.6488525e+01   1.1046006e+00
4.6485321e+01   9.2631422e-01
4.6472501e+01   7.4802771e-01
4.6478909e+01   8.3717093e-01
4.6485321e+01   1.2828869e+00
4.6482114e+01   1.1937437e+00
4.6450067e+01   1.1937437e+00
4.6501343e+01   8.3717093e-01
4.6494937e+01   9.2631422e-01
4.6456473e+01   1.1937437e+00
4.6440451e+01   1.1046006e+00
4.6482114e+01   1.1046006e+00
4.6450067e+01   8.3717093e-01
4.6472501e+01   8.3717093e-01
4.6440451e+01   1.2828869e+00
4.6469296e+01   1.2828869e+00
4.6427631e+01   1.3720301e+00
4.6469296e+01   1.2828869e+00
4.6437244e+01   1.1046006e+00
4.6443655e+01   1.1046006e+00
4.6462885e+01   1.1046006e+00
4.6424426e+01   1.0154574e+00
4.6443655e+01   1.1046006e+00
4.6472501e+01   1.2828869e+00
4.6488525e+01   1.1937437e+00
4.6485321e+01   7.4802771e-01
4.6488525e+01   9.2631422e-01
4.6469296e+01   1.0154574e+00
4.6466092e+01   1.2828869e+00
4.6501343e+01   9.2631422e-01
4.6507755e+01   7.4802771e-01
4.6510959e+01   1.1937437e+00
4.6514166e+01   1.1937437e+00
4.6510959e+01   1.1937437e+00
4.6517371e+01   1.2828869e+00
4.6520578e+01   9.2631422e-01
4.6510959e+01   1.0154574e+00
4.6475702e+01   1.0154574e+00
4.6507755e+01   1.2828869e+00
4.6530191e+01   1.2828869e+00
4.6514166e+01   1.1046006e+00
4.6482114e+01   1.0154574e+00
4.6482114e+01   1.0154574e+00
4.6485321e+01   1.0154574e+00
4.6488525e+01   1.1046006e+00
4.6485321e+01   1.1046006e+00
4.6485321e+01   1.1046006e+00
4.6507755e+01   7.4802771e-01
4.6514166e+01   8.3717093e-01
4.6510959e+01   1.1937437e+00
4.6504550e+01   1.0154574e+00
4.6456473e+01   1.3720301e+00
4.6485321e+01   1.1046006e+00
4.6504550e+01   9.2631422e-01
4.6501343e+01   8.3717093e-01
4.6520578e+01   1.0154574e+00
4.6543011e+01   1.4611734e+00
4.6552625e+01   1.2828869e+00
4.6546213e+01   8.3717093e-01
4.6552625e+01   9.2631422e-01
4.6546213e+01   1.2828869e+00
4.6549420e+01   1.4611734e+00
4.6549420e+01   1.0154574e+00
4.6530191e+01   1.0154574e+00
4.6539807e+01   1.0154574e+00
4.6536600e+01   1.2828869e+00
4.6568649e+01   1.4611734e+00
4.6575058e+01   1.0154574e+00
4.6581470e+01   1.0154574e+00
4.6568649e+01   9.2631422e-01
4.6581470e+01   1.2828869e+00
4.6565448e+01   1.2828869e+00
4.6530191e+01   1.2828869e+00
4.6559036e+01   8.3717093e-01
4.6510959e+01   1.2828869e+00
4.6530191e+01   1.1046006e+00
4.6526984e+01   1.2828869e+00
4.6539807e+01   1.3720301e+00
4.6539807e+01   1.2828869e+00
4.6546213e+01   9.2631422e-01
4.6533395e+01   1.0154574e+00
4.6523779e+01   1.1046006e+00
4.6523779e+01   1.2828869e+00
4.6552625e+01   1.2828869e+00
4.6552625e+01   8.3717093e-01
4.6555829e+01   1.1046006e+00
4.6549420e+01   1.3720301e+00
4.6536600e+01   1.1046006e+00
4.6543011e+01   1.0154574e+00
4.6600699e+01   1.1046006e+00
4.6533395e+01   1.2828869e+00
4.6559036e+01   1.2828869e+00
4.6568649e+01   1.2828869e+00
4.6597495e+01   9.2631422e-01
4.6565448e+01   7.4802771e-01
4.6587881e+01   1.2828869e+00
4.6543011e+01   1.0154574e+00
4.6571854e+01   1.2828869e+00
4.6565448e+01   1.0154574e+00
4.6530191e+01   1.1046006e+00
4.6559036e+01   8.3717093e-01
4.6526984e+01   1.1046006e+00
4.6533395e+01   1.4611734e+00
4.6575058e+01   1.0154574e+00
4.6555829e+01   8.3717093e-01
4.6562241e+01   8.3717093e-01
4.6539807e+01   1.1937437e+00
4.6559036e+01   1.1046006e+00
4.6565448e+01   1.0154574e+00
4.6546213e+01   8.3717093e-01
4.6523779e+01   8.3717093e-01
4.6520578e+01   9.2631422e-01
4.6517371e+01   1.1046006e+00
4.6523779e+01   1.0154574e+00
4.6549420e+01   7.4802771e-01
4.6501343e+01   1.0154574e+00
4.6517371e+01   9.2631422e-01
4.6514166e+01   1.2828869e+00
4.6536600e+01   1.2828869e+00
4.6510959e+01   1.2828869e+00
4.6539807e+01   1.0154574e+00
4.6555829e+01   9.2631422e-01
4.6526984e+01   1.2828869e+00
4.6559036e+01   1.2828869e+00
4.6523779e+01   1.2828869e+00
4.6504550e+01   1.0154574e+00
4.6507755e+01   7.4802771e-01
4.6533395e+01   1.0154574e+00
4.6510959e+01   9.2631422e-01
4.6526984e+01   1.2828869e+00
4.6523779e+01   1.1937437e+00
4.6543011e+01   1.0154574e+00
4.6517371e+01   9.2631422e-01
4.6510959e+01   9.2631422e-01
4.6536600e+01   1.2828869e+00
4.6539807e+01   1.2828869e+00
4.6510959e+01   1.1046006e+00
4.6536600e+01   1.0154574e+00
4.6528589e+01   9.7088579e-01
4.6520578e+01   9.2631422e-01
4.6482114e+01   9.2631422e-01
4.6559036e+01   1.4611734e+00
4.6584677e+01   1.1046006e+00
4.6533395e+01   9.2631422e-01
4.6520578e+01   9.2631422e-01
4.6543011e+01   9.2631422e-01
4.6555829e+01   1.2828869e+00
4.6543011e+01   1.1046006e+00
4.6597495e+01   1.1046006e+00
4.6559036e+01   9.2631422e-01
4.6559036e+01   8.3717093e-01
4.6555829e+01   1.0154574e+00
4.6597495e+01   9.2631422e-01
4.6546213e+01   1.2828869e+00
4.6543011e+01   1.3720301e+00
4.6587881e+01   1.2828869e+00
4.6603906e+01   1.0154574e+00
4.6578265e+01   8.3717093e-01
4.6571854e+01   1.1046006e+00
4.6584677e+01   1.2828869e+00
4.6597495e+01   1.2828869e+00
4.6575058e+01   1.2828869e+00
4.6559036e+01   1.2828869e+00
4.6597495e+01   8.3717093e-01
4.6565448e+01   9.2631422e-01
4.6578265e+01   1.1937437e+00
4.6581470e+01   1.1046006e+00
4.6581470e+01   1.1046006e+00
4.6543011e+01   8.3717093e-01
4.6568649e+01   1.1046006e+00
4.6568649e+01   1.3720301e+00
4.6536600e+01   1.3720301e+00
4.6587881e+01   1.0154574e+00
4.6581470e+01   9.2631422e-01
4.6587881e+01   1.1046006e+00
4.6623135e+01   1.2828869e+00
4.6629547e+01   1.1046006e+00
4.6635956e+01   1.1937437e+00
4.6629547e+01   9.2631422e-01
4.6668005e+01   9.2631422e-01
4.6664798e+01   1.2828869e+00
4.6671210e+01   1.2828869e+00
4.6635956e+01   1.1046006e+00
4.6642365e+01   9.2631422e-01
4.6661594e+01   1.1046006e+00
4.6655185e+01   1.2828869e+00
4.6632751e+01   1.1046006e+00
4.6597495e+01   1.1046006e+00
4.6632751e+01   9.2631422e-01
4.6613519e+01   1.2828869e+00
4.6597495e+01   1.2828869e+00
4.6632751e+01   9.2631422e-01
4.6619928e+01   1.0154574e+00
4.6597495e+01   9.2631422e-01
4.6648776e+01   1.2828869e+00
4.6607111e+01   1.1046006e+00
4.6591083e+01   1.0154574e+00
4.6635956e+01   1.0154574e+00
4.6632751e+01   1.1046006e+00
4.6594290e+01   1.4611734e+00
4.6607111e+01   1.1046006e+00
4.6629547e+01   9.2631422e-01
4.6658392e+01   1.0154574e+00
4.6680826e+01   1.4611734e+00
4.6668005e+01   1.2828869e+00
4.6690439e+01   9.2631422e-01
4.6760950e+01   1.1046006e+00
4.6767361e+01   1.1046006e+00
4.6751334e+01   1.0154574e+00
4.6786591e+01   8.3717093e-01
4.6767361e+01   1.2828869e+00
4.6776974e+01   1.2828869e+00
4.6818640e+01   1.2828869e+00
4.6821844e+01   1.1046006e+00
4.6751334e+01   9.2631422e-01
4.6815436e+01   1.2828869e+00
4.6776974e+01   1.3720301e+00
4.6783383e+01   1.2828869e+00
4.6793002e+01   1.0154574e+00
4.6783383e+01   9.2631422e-01
4.6764154e+01   1.3720301e+00
4.6783383e+01   1.3720301e+00
4.6767361e+01   9.2631422e-01
4.6783383e+01   9.2631422e-01
4.6738516e+01   1.2828869e+00
4.6773773e+01   1.1937437e+00
4.6760950e+01   1.0154574e+00
4.6760950e+01   9.2631422e-01
4.6744925e+01   1.0154574e+00
4.6744925e+01   1.0154574e+00
4.6767361e+01   9.2631422e-01
4.6757745e+01   1.0154574e+00
4.6748132e+01   1.0154574e+00
4.6744925e+01   1.2828869e+00
4.6789795e+01   1.1046006e+00
4.6831461e+01   9.2631422e-01
4.6793002e+01   1.0154574e+00
4.6812231e+01   1.2828869e+00
4.6857101e+01   1.0154574e+00
4.6873123e+01   1.0154574e+00
4.6876331e+01   1.6394599e+00
4.6873123e+01   1.1046006e+00
4.6908380e+01   1.0154574e+00
4.6901971e+01   1.1937437e+00
4.6889151e+01   1.2828869e+00
4.6866714e+01   1.0154574e+00
4.6885947e+01   9.2631422e-01
4.6860306e+01   1.3720301e+00
4.6869919e+01   1.2828869e+00
4.6917993e+01   1.0154574e+00
4.6873123e+01   9.2631422e-01
4.6905176e+01   1.2828869e+00
4.6898764e+01   1.2828869e+00
4.6853894e+01   8.3717093e-01
4.6895560e+01   9.2631422e-01
4.6901971e+01   1.1046006e+00
4.6869919e+01   1.4611734e+00
4.6837872e+01   1.2828869e+00
4.6857101e+01   1.0154574e+00
4.6868318e+01   1.0154574e+00
4.6879535e+01   1.0154574e+00
4.6863510e+01   1.1046006e+00
4.6863510e+01   1.2828869e+00
4.6873123e+01   1.0154574e+00
4.6847482e+01   8.3717093e-01
4.6905176e+01   1.1046006e+00
4.6895560e+01   9.2631422e-01
4.6962863e+01   1.1937437e+00
4.6953250e+01   1.1046006e+00
4.6937222e+01   8.3717093e-01
4.6991708e+01   1.1046006e+00
4.7059015e+01   1.2828869e+00
4.7039786e+01   1.2828869e+00
4.7007733e+01   8.3717093e-01
4.7052603e+01   1.4611734e+00
4.7042990e+01   1.3720301e+00
4.7081448e+01   8.3717093e-01
4.7030170e+01   1.1046006e+00
4.7062219e+01   1.2828869e+00
4.7065427e+01   8.3717093e-01
4.7010941e+01   9.2631422e-01
4.7065427e+01   1.2828869e+00
4.7052603e+01   1.0154574e+00
4.7055807e+01   1.0154574e+00
4.7023761e+01   1.1046006e+00
4.7052603e+01   1.3720301e+00
4.7042990e+01   8.3717093e-01
4.7023761e+01   1.0154574e+00
4.7023761e+01   1.3720301e+00
4.7007733e+01   1.1046006e+00
4.7039786e+01   1.0154574e+00
4.6998120e+01   1.3720301e+00
4.6962863e+01   1.0154574e+00
4.7020557e+01   1.2828869e+00
4.7001328e+01   1.0154574e+00
4.7039786e+01   1.0154574e+00
4.7004529e+01   1.1046006e+00
4.7036578e+01   9.2631422e-01
4.7052603e+01   1.3720301e+00
4.7023761e+01   9.2631422e-01
4.7055807e+01   8.3717093e-01
4.7055807e+01   1.1046006e+00
4.7068631e+01   1.2828869e+00
4.7068631e+01   8.3717093e-01
4.7046198e+01   1.1046006e+00
4.7071835e+01   1.2828869e+00
4.7039786e+01   9.2631422e-01
4.7075040e+01   1.2828869e+00
4.7062219e+01   1.2828869e+00
4.7062219e+01   9.2631422e-01
4.7055807e+01   1.1046006e+00
4.7030170e+01   1.2828869e+00
4.7033374e+01   9.2631422e-01
4.7046198e+01   1.1046006e+00
4.7087860e+01   1.4611734e+00
4.7087860e+01   1.2828869e+00
4.7059015e+01   1.1046006e+00
4.7059015e+01   1.0154574e+00
4.7039786e+01   1.2828869e+00
4.7081448e+01   1.2828869e+00
4.7078244e+01   9.2631422e-01
4.7036578e+01   1.2828869e+00
4.7023761e+01   1.2828869e+00
4.7046198e+01   7.4802771e-01
4.7046198e+01   9.2631422e-01
4.7017349e+01   1.2828869e+00
4.7007733e+01   1.0154574e+00
4.6998120e+01   1.1046006e+00
4.6991708e+01   1.3720301e+00
4.7007733e+01   1.3720301e+00
4.6950046e+01   1.1046006e+00
4.7004529e+01   1.0154574e+00
4.6959659e+01   1.2828869e+00
4.6991708e+01   9.2631422e-01
4.7010941e+01   1.0154574e+00
4.6953250e+01   1.2828869e+00
4.6975687e+01   1.5503167e+00
4.6998120e+01   9.2631422e-01
4.6972479e+01   1.1046006e+00
4.6962863e+01   1.3720301e+00
4.6982092e+01   1.2828869e+00
4.7026965e+01   8.3717093e-01
4.6998120e+01   1.1046006e+00
4.7023761e+01   1.2828869e+00
4.6978891e+01   1.0154574e+00
4.7007733e+01   9.2631422e-01
4.7026965e+01   1.2828869e+00
4.7001328e+01   1.0154574e+00
4.7004529e+01   1.0154574e+00
4.7017349e+01   1.2828869e+00
4.7017349e+01   1.0154574e+00
4.7004529e+01   9.2631422e-01
4.6991708e+01   1.0154574e+00
4.7007733e+01   1.3720301e+00
4.6956458e+01   1.3720301e+00
4.7004529e+01   1.0154574e+00
4.6991708e+01   9.2631422e-01
4.6988504e+01   1.5503167e+00
4.6950046e+01   1.3720301e+00
4.6959659e+01   9.2631422e-01
4.6943634e+01   1.2828869e+00
4.6924405e+01   1.4611734e+00
4.6930817e+01   1.1046006e+00
4.6930817e+01   8.3717093e-01
4.6930817e+01   1.2828869e+00
4.6927609e+01   1.3720301e+00
4.6921201e+01   1.0154574e+00
4.6946841e+01   1.3720301e+00
4.6930817e+01   1.2828869e+00
4.6937222e+01   8.3717093e-01
4.6943634e+01   9.2631422e-01
4.6908380e+01   1.2828869e+00
4.6930817e+01   1.1046006e+00
4.6914789e+01   8.3717093e-01
4.6921201e+01   9.2631422e-01
4.6901971e+01   1.1937437e+00
4.6943634e+01   1.3720301e+00
4.6950046e+01   9.2631422e-01
4.6908380e+01   1.0154574e+00
4.6889151e+01   1.2828869e+00
4.6946841e+01   1.2828869e+00
4.6930817e+01   9.2631422e-01
4.6930817e+01   1.0154574e+00
4.6914789e+01   1.3720301e+00
4.6940430e+01   1.2828869e+00
4.6914789e+01   1.2828869e+00
4.6914789e+01   8.3717093e-01
4.6937222e+01   1.5503167e+00
4.6927609e+01   1.2828869e+00
4.6927609e+01   1.0154574e+00
4.6953250e+01   1.1046006e+00
4.6950046e+01   1.3720301e+00
4.6934021e+01   1.2828869e+00
4.6914789e+01   1.1046006e+00
4.6940430e+01   1.2828869e+00
4.6940430e+01   1.4611734e+00
4.6927609e+01   1.0154574e+00
4.6937222e+01   1.1937437e+00
4.6924405e+01   1.3720301e+00
4.6943634e+01   1.1046006e+00
4.6953250e+01   8.3717093e-01
4.6921201e+01   1.1046006e+00
4.6934021e+01   1.1046006e+00
4.6908380e+01   9.2631422e-01
4.6950046e+01   1.0154574e+00
4.6905176e+01   1.1937437e+00
4.6950046e+01   1.2828869e+00
4.6898764e+01   9.2631422e-01
4.6953250e+01   9.2631422e-01
4.6943634e+01   1.2828869e+00
4.6898764e+01   1.3720301e+00
4.6898764e+01   1.1046006e+00
4.6934021e+01   1.2828869e+00
4.6940430e+01   1.6394599e+00
4.6905176e+01   1.2828869e+00
4.6911588e+01   9.2631422e-01
4.6950046e+01   1.2828869e+00
4.6969275e+01   1.3720301e+00
4.6975687e+01   1.0154574e+00
4.6988504e+01   1.0154574e+00
4.7010941e+01   1.4611734e+00
4.6991708e+01   1.3720301e+00
4.6972479e+01   9.2631422e-01
4.7042990e+01   1.1046006e+00
4.7023761e+01   1.2828869e+00
4.7036578e+01   1.0154574e+00
4.7046198e+01   1.0154574e+00
4.7039786e+01   1.1046006e+00
4.6985300e+01   1.2828869e+00
4.7049402e+01   1.0154574e+00
4.7033374e+01   1.1046006e+00
4.7014145e+01   1.5503167e+00
4.6988504e+01   9.2631422e-01
4.6982092e+01   1.2828869e+00
4.6998120e+01   1.1046006e+00
4.6991708e+01   1.0154574e+00
4.7017349e+01   1.0154574e+00
4.7033374e+01   1.2828869e+00
4.6985300e+01   1.2828869e+00
4.7014145e+01   8.3717093e-01
4.6993312e+01   1.1046005e+00
4.6972479e+01   1.3720301e+00
4.7010941e+01   1.4611734e+00
4.6998120e+01   1.5503167e+00
4.6988504e+01   9.2631422e-01
4.6985300e+01   1.3720301e+00
4.7017349e+01   1.2828869e+00
4.7033374e+01   9.2631422e-01
4.7030170e+01   1.1046006e+00
4.7075040e+01   1.3720301e+00
4.7059015e+01   1.0154574e+00
4.7059015e+01   1.0154574e+00
4.7059015e+01   1.3720301e+00
4.7075040e+01   1.1937437e+00
4.7049402e+01   9.2631422e-01
4.7075040e+01   1.4611734e+00
4.7097473e+01   1.2828869e+00
4.7081448e+01   9.2631422e-01
4.7065427e+01   1.2828869e+00
4.7033374e+01   1.4611734e+00
4.7055807e+01   9.2631422e-01
4.7081448e+01   1.3720301e+00
4.7100677e+01   1.3720301e+00
4.7062219e+01   1.0154574e+00
4.7046198e+01   1.1046006e+00
4.7071835e+01   1.1046006e+00
4.7065427e+01   1.4611734e+00
4.7007733e+01   1.1046006e+00
4.7068631e+01   8.3717093e-01
4.7059015e+01   1.1046006e+00
4.7075040e+01   1.2828869e+00
4.7055807e+01   9.2631422e-01
4.7020557e+01   1.1046006e+00
4.7049402e+01   1.2828869e+00
4.7075040e+01   9.2631422e-01
4.7004529e+01   1.3720301e+00
4.7059015e+01   1.2828869e+00
4.7020557e+01   1.0154574e+00
4.7059015e+01   1.0154574e+00
4.7046198e+01   1.3720301e+00
4.7042990e+01   1.1046006e+00
4.7033374e+01   8.3717093e-01
4.7075040e+01   1.2828869e+00
4.7065427e+01   1.2828869e+00
4.7055807e+01   1.1046006e+00
4.7049402e+01   1.3720301e+00
4.7081448e+01   1.2828869e+00
4.7071835e+01   1.0154574e+00
4.7055807e+01   9.2631422e-01
4.7062219e+01   1.2828869e+00
4.7049402e+01   9.2631422e-01
4.7052603e+01   1.0154574e+00
4.7055807e+01   1.2828869e+00
4.7055807e+01   1.1046006e+00
4.7030170e+01   9.2631422e-01
4.7055807e+01   1.3720301e+00
4.7094272e+01   1.4611734e+00
4.7087860e+01   8.3717093e-01
4.7075040e+01   1.1937437e+00
4.7017349e+01   1.3720301e+00
4.7062219e+01   1.0154574e+00
4.7014145e+01   1.0154574e+00
4.7078244e+01   1.2828869e+00
4.7059015e+01   1.0154574e+00
4.7030170e+01   9.2631422e-01
4.7017349e+01   1.2828869e+00
4.7042990e+01   1.0154574e+00
4.7075040e+01   1.0154574e+00
4.7052603e+01   1.2828869e+00
4.7059015e+01   1.1046006e+00
4.7068631e+01   1.0154574e+00
4.7087860e+01   1.4611734e+00
4.7087860e+01   1.3720301e+00
4.7062219e+01   1.0154574e+00
4.7068631e+01   1.2828869e+00
4.7103885e+01   1.2828869e+00
4.7100677e+01   1.2828869e+00
4.7052603e+01   8.3717093e-01
4.7087860e+01   1.3720301e+00
4.7094272e+01   1.2828869e+00
4.7055807e+01   9.2631422e-01
4.7084656e+01   1.3720301e+00
4.7100677e+01   1.2828869e+00
4.7129526e+01   9.2631422e-01
4.7094272e+01   1.0154574e+00
4.7091068e+01   1.4611734e+00
4.7065427e+01   1.0154574e+00
4.7084656e+01   1.2828869e+00
4.7062219e+01   1.5503167e+00
4.7094272e+01   9.2631422e-01
4.7087860e+01   1.1046006e+00
4.7097473e+01   1.3720301e+00
4.7091068e+01   1.2828869e+00
4.7068631e+01   9.2631422e-01
4.7042990e+01   1.1937437e+00
4.7033374e+01   1.1046006e+00
4.7075040e+01   9.2631422e-01
4.7059015e+01   1.6394599e+00
4.7075040e+01   1.3720301e+00
4.7123114e+01   1.2828869e+00
4.7126318e+01   1.0154574e+00
4.7110297e+01   1.3720301e+00
4.7132730e+01   1.2828869e+00
4.7123114e+01   1.0154574e+00
4.7193625e+01   1.2828869e+00
4.7216058e+01   1.2828869e+00
4.7203241e+01   1.0154574e+00
4.7196829e+01   1.2828869e+00
4.7187216e+01   1.2828869e+00
4.7187216e+01   9.2631422e-01
4.7206445e+01   1.2828869e+00
4.7216058e+01   1.5503167e+00
4.7216058e+01   1.0154574e+00
4.7235287e+01   1.2828869e+00
4.7206445e+01   1.4611734e+00
4.7200034e+01   1.4611734e+00
4.7145547e+01   1.2828869e+00
4.7164783e+01   1.2828869e+00
4.7184012e+01   8.3717093e-01
4.7184012e+01   9.2631422e-01
4.7174396e+01   1.2828869e+00
4.7177600e+01   1.2828869e+00
4.7180804e+01   1.2828869e+00
4.7158371e+01   9.2631422e-01
4.7180804e+01   1.1046006e+00
4.7206445e+01   1.3720301e+00
4.7148755e+01   8.3717093e-01
4.7177600e+01   1.4611734e+00
4.7200034e+01   1.2828869e+00
4.7206445e+01   1.0154574e+00
4.7212854e+01   1.1937437e+00
4.7276956e+01   1.1046006e+00
4.7280161e+01   1.1046006e+00
4.7302597e+01   1.2828869e+00
4.7331439e+01   1.0154574e+00
4.7334644e+01   1.2828869e+00
4.7363492e+01   1.3720301e+00
4.7408359e+01   1.0154574e+00
4.7379514e+01   1.2828869e+00
4.7357080e+01   1.2828869e+00
4.7401950e+01   1.1046006e+00
4.7392337e+01   1.4611734e+00
4.7427591e+01   8.3717093e-01
4.7421179e+01   1.2828869e+00
4.7389130e+01   1.2828869e+00
4.7405154e+01   1.1046006e+00
4.7347467e+01   1.6394599e+00
4.7392337e+01   1.1046006e+00
4.7341055e+01   1.2828869e+00
4.7318622e+01   1.3720301e+00
4.7360284e+01   1.2828869e+00
4.7376309e+01   1.1937437e+00
4.7363492e+01   1.2828869e+00
4.7353873e+01   9.2631422e-01
4.7337851e+01   1.4611734e+00
4.7353873e+01   1.4611734e+00
4.7325031e+01   9.2631422e-01
4.7341055e+01   1.2828869e+00
4.7392337e+01   1.2828869e+00
4.7379514e+01   1.0154574e+00
4.7475665e+01   1.2828869e+00
4.7478870e+01   1.1046006e+00
4.7530151e+01   8.3717093e-01
4.7530151e+01   1.3720301e+00
4.7517328e+01   1.0154574e+00
4.7555792e+01   1.2828869e+00
4.7600662e+01   1.3720301e+00
4.7591046e+01   1.1046006e+00
4.7578226e+01   1.3720301e+00
4.7603864e+01   1.1046006e+00
4.7648737e+01   1.3720301e+00
4.7632709e+01   1.3720301e+00
4.7619891e+01   1.0154574e+00
4.7639120e+01   1.4611734e+00
4.7600662e+01   1.0154574e+00
4.7597455e+01   1.0154574e+00
4.7629504e+01   1.4611734e+00
4.7610275e+01   1.1046006e+00
4.7600662e+01   1.3720301e+00
4.7562198e+01   1.1046006e+00
4.7600662e+01   9.2631422e-01
4.7549380e+01   1.1046006e+00
4.7558994e+01   1.0154574e+00
4.7571817e+01   1.2828869e+00
4.7523740e+01   1.2828869e+00
4.7565405e+01   1.1046006e+00
4.7552585e+01   1.4611734e+00
4.7568610e+01   9.2631422e-01
4.7562198e+01   1.0154574e+00
4.7600662e+01   1.2828869e+00
4.7664761e+01   1.2828869e+00
4.7661554e+01   1.2828869e+00
4.7719244e+01   1.0154574e+00
4.7722449e+01   1.2828869e+00
4.7728860e+01   1.2828869e+00
4.7805780e+01   1.1046006e+00
4.7808987e+01   1.1046006e+00
4.7821805e+01   1.4611734e+00
4.7837830e+01   1.2828869e+00
4.7789752e+01   1.2828869e+00
4.7860263e+01   1.3720301e+00
4.7828217e+01   1.3720301e+00
4.7828217e+01   1.3720301e+00
4.7792960e+01   1.2828869e+00
4.7831421e+01   1.4611734e+00
4.7818600e+01   1.0154574e+00
4.7834622e+01   1.1046006e+00
4.7828217e+01   1.4611734e+00
4.7828217e+01   1.0154574e+00
4.7818600e+01   1.6394599e+00
4.7818600e+01   1.4611734e+00
4.7815393e+01   1.2828869e+00
4.7831421e+01   1.2828869e+00
4.7786551e+01   1.4611734e+00
4.7815393e+01   1.2828869e+00
4.7773730e+01   1.3720301e+00
4.7780142e+01   1.3720301e+00
4.7770523e+01   1.0154574e+00
4.7792960e+01   1.1937437e+00
4.7828217e+01   1.1937437e+00
4.7828217e+01   1.2828869e+00
4.7828217e+01   1.1937437e+00
4.7821805e+01   1.2828869e+00
4.7882700e+01   1.0154574e+00
4.7889108e+01   1.1046006e+00
4.7921161e+01   1.1046006e+00
4.7892316e+01   1.3720301e+00
4.7917957e+01   1.2828869e+00
4.7966031e+01   1.2828869e+00
4.7901932e+01   1.0154574e+00
4.7933978e+01   1.3720301e+00
4.7956415e+01   1.3720301e+00
4.7940390e+01   1.4611734e+00
4.7978848e+01   1.2828869e+00
4.7959619e+01   1.2828869e+00
4.7943597e+01   1.3720301e+00
4.7950003e+01   1.1046006e+00
4.7940390e+01   1.6394599e+00
4.7917957e+01   1.0154574e+00
4.7950003e+01   1.2828869e+00
4.7905133e+01   1.1046006e+00
4.7946802e+01   1.5503167e+00
4.7925967e+01   1.4611734e+00
4.7905133e+01   1.3720301e+00
4.7917957e+01   1.1046006e+00
4.7908340e+01   1.4611734e+00
4.7921161e+01   1.0154574e+00
4.7927570e+01   1.3720301e+00
4.7914749e+01   1.2828869e+00
4.7933978e+01   1.2828869e+00
4.7972440e+01   1.3720301e+00
4.7991672e+01   1.2828869e+00
4.7982056e+01   1.2828869e+00
4.8052567e+01   1.4611734e+00
4.8055771e+01   1.3720301e+00
4.8091025e+01   1.1046006e+00
4.8100641e+01   1.6394599e+00
4.8113458e+01   1.3720301e+00
4.8148715e+01   1.2828869e+00
4.8123074e+01   1.1046006e+00
4.8135895e+01   1.4611734e+00
4.8148715e+01   1.3720301e+00
4.8148715e+01   1.2828869e+00
4.8164740e+01   1.3720301e+00
4.8142303e+01   1.3720301e+00
4.8164740e+01   1.4611734e+00
4.8145511e+01   1.4611734e+00
4.8091025e+01   1.0154574e+00
4.8132687e+01   1.3720301e+00
4.8113458e+01   1.1937437e+00
4.8100641e+01   1.5503167e+00
4.8103845e+01   1.2828869e+00
4.8132687e+01   1.2828869e+00
4.8126282e+01   1.0154574e+00
4.8097433e+01   1.4611734e+00
4.8087817e+01   1.4611734e+00
4.8087817e+01   1.3720301e+00
4.8075000e+01   1.1046006e+00
4.8071796e+01   1.4611734e+00
4.8068588e+01   1.2828869e+00
4.8087817e+01   1.3720301e+00
4.8097433e+01   1.1046006e+00
4.8142303e+01   1.3720301e+00
4.8161533e+01   1.1046006e+00
4.8196793e+01   1.2828869e+00
4.8257684e+01   1.1046006e+00
4.8267300e+01   1.4611734e+00
4.8289737e+01   1.3720301e+00
4.8286530e+01   1.2828869e+00
4.8312170e+01   1.4611734e+00
4.8331400e+01   1.3720301e+00
4.8357040e+01   1.2828869e+00
4.8363449e+01   1.4611734e+00
4.8360248e+01   1.3720301e+00
4.8357040e+01   1.3720301e+00
4.8382681e+01   1.4611734e+00
4.8357040e+01   1.3720301e+00
4.8382681e+01   1.3720301e+00
4.8360248e+01   1.1937437e+00
4.8357040e+01   1.4611734e+00
4.8366653e+01   1.2828869e+00
4.8357040e+01   1.4611734e+00
4.8334607e+01   1.1046006e+00
4.8347424e+01   1.4611734e+00
4.8328195e+01   1.4611734e+00
4.8331400e+01   1.1046006e+00
4.8315378e+01   1.6394599e+00
4.8292941e+01   1.4611734e+00
4.8292941e+01   1.0154574e+00
4.8299350e+01   1.4611734e+00
4.8334607e+01   1.2828869e+00
4.8366653e+01   1.6394599e+00
4.8395499e+01   9.2631422e-01
4.8440369e+01   1.2828869e+00
4.8459598e+01   1.2828869e+00
4.8478827e+01   1.5503167e+00
4.8504468e+01   1.1046006e+00
4.8514084e+01   1.1046006e+00
4.8536520e+01   1.6394599e+00
4.8555750e+01   1.2828869e+00
4.8565366e+01   1.6394599e+00
4.8578183e+01   1.0154574e+00
4.8555750e+01   1.4611734e+00
4.8568573e+01   1.3720301e+00
4.8587802e+01   1.4611734e+00
4.8571774e+01   1.2828869e+00
4.8558954e+01   1.4611734e+00
4.8565366e+01   1.2828869e+00
4.8546136e+01   1.2828869e+00
4.8549338e+01   1.2828869e+00
4.8562161e+01   1.6394599e+00
4.8536520e+01   1.2828869e+00
4.8530109e+01   1.5503167e+00
4.8514084e+01   1.3720301e+00
4.8501263e+01   1.2828869e+00
4.8546136e+01   1.3720301e+00
4.8504468e+01   1.1937437e+00
4.8501263e+01   1.5503167e+00
4.8533316e+01   1.3720301e+00
4.8530109e+01   1.3720301e+00
4.8578183e+01   1.4611734e+00
4.8651901e+01   1.1046006e+00
4.8661517e+01   1.5503167e+00
4.8680746e+01   1.3720301e+00
4.8725616e+01   1.5503167e+00
4.8722409e+01   1.6394599e+00
4.8786508e+01   1.0154574e+00
4.8767279e+01   1.4611734e+00
4.8789716e+01   1.2828869e+00
4.8808945e+01   1.3720301e+00
4.8818561e+01   1.3720301e+00
4.8818561e+01   1.2828869e+00
4.8844202e+01   1.4611734e+00
4.8844202e+01   1.2828869e+00
4.8850607e+01   1.4611734e+00
4.8783304e+01   1.3720301e+00
4.8799332e+01   1.3720301e+00
4.8812149e+01   1.4611734e+00
4.8821765e+01   1.2828869e+00
4.8818561e+01   1.7286029e+00
4.8805740e+01   1.2828869e+00
4.8796127e+01   1.3720301e+00
4.8799332e+01   1.3720301e+00
4.8783305e+01   1.4166018e+00
4.8767279e+01   1.4611734e+00
4.8812149e+01   1.6394599e+00
4.8760870e+01   1.3720301e+00
4.8751257e+01   1.3720301e+00
4.8735229e+01   1.1046006e+00
4.8748050e+01   1.4611734e+00
4.8725616e+01   1.5503167e+00
4.8818561e+01   1.3720301e+00
4.8815356e+01   1.4611734e+00
4.8844202e+01   1.3720301e+00
4.8876248e+01   1.4611734e+00
4.8895477e+01   1.4611734e+00
4.8927530e+01   1.3720301e+00
4.8921118e+01   1.7286029e+00
4.8998041e+01   1.5503167e+00
4.8988425e+01   1.2828869e+00
4.8998041e+01   1.7286029e+00
4.9023682e+01   1.1046006e+00
4.8985217e+01   1.4611734e+00
4.9030090e+01   1.8177462e+00
4.9055728e+01   1.3720301e+00
4.9014066e+01   1.3720301e+00
4.9030090e+01   1.4611734e+00
4.9058932e+01   1.3720301e+00
4.9026886e+01   1.3720301e+00
4.9004453e+01   1.9068894e+00
4.8985217e+01   1.2828869e+00
4.9004453e+01   1.2828869e+00
4.8998041e+01   2.0154116e+00
4.8988425e+01   1.2828869e+00
4.9014066e+01   1.4611734e+00
4.9010858e+01   1.7286029e+00
4.8998041e+01   1.8177462e+00
4.8978812e+01   1.4611734e+00
4.8956375e+01   1.4611734e+00
4.8953171e+01   1.5503167e+00
4.8972400e+01   1.3720301e+00
4.8956375e+01   1.4611734e+00
4.8982016e+01   1.2828869e+00
4.8965988e+01   1.2828869e+00
4.9026886e+01   1.2828869e+00
4.9065344e+01   1.7286029e+00
4.9103802e+01   1.4611734e+00
4.9123035e+01   1.2828869e+00
4.9171109e+01   1.7286029e+00
4.9183929e+01   1.2828869e+00
4.9212778e+01   1.2828869e+00
4.9219183e+01   1.7286029e+00
4.9238412e+01   1.3720301e+00
4.9225595e+01   1.5503167e+00
4.9212778e+01   1.7286029e+00
4.9241620e+01   1.2828869e+00
4.9251236e+01   1.3720301e+00
4.9276877e+01   2.0154116e+00
4.9248029e+01   1.2828869e+00
4.9276877e+01   1.4611734e+00
4.9248029e+01   1.6394599e+00
4.9248029e+01   1.7286029e+00
4.9228799e+01   1.2828869e+00
4.9209570e+01   1.3720301e+00
4.9209570e+01   1.3720301e+00
4.9193542e+01   1.4611734e+00
4.9212778e+01   1.7286029e+00
4.9187137e+01   1.5503167e+00
4.9196750e+01   1.5503167e+00
4.9193542e+01   1.2828869e+00
4.9228799e+01   1.2828869e+00
4.9219183e+01   1.6394599e+00
4.9283286e+01   1.7286029e+00
4.9324951e+01   1.0154574e+00
4.9337769e+01   1.3720301e+00
4.9356998e+01   1.8177462e+00
4.9356998e+01   1.2828869e+00
4.9433920e+01   1.3720301e+00
4.9433920e+01   1.6394599e+00
4.9446738e+01   1.8177462e+00
4.9472379e+01   1.3720301e+00
4.9507635e+01   1.5503167e+00
4.9485202e+01   1.7286029e+00
4.9488406e+01   1.4611734e+00
4.9514044e+01   1.3720301e+00
4.9475583e+01   1.5503167e+00
4.9504431e+01   1.4611734e+00
4.9469174e+01   1.2828869e+00
4.9494815e+01   1.4611734e+00
4.9507635e+01   1.2828869e+00
4.9478790e+01   1.6394599e+00
4.9481995e+01   1.7286029e+00
4.9478790e+01   1.6394599e+00
4.9472379e+01   1.2828869e+00
4.9456354e+01   1.4611734e+00
4.9437125e+01   1.5503167e+00
4.9465973e+01   1.4611734e+00
4.9408279e+01   1.5503167e+00
4.9446738e+01   1.3720301e+00
4.9398666e+01   1.7286029e+00
4.9369821e+01   1.6394599e+00
4.9437125e+01   1.4611734e+00
4.9433920e+01   1.4611734e+00
4.9440332e+01   1.7286029e+00
4.9504431e+01   1.4611734e+00
4.9498019e+01   1.6394599e+00
4.9555710e+01   1.5503167e+00
4.9590964e+01   1.6394599e+00
4.9629422e+01   1.5503167e+00
4.9616605e+01   1.6394599e+00
4.9616605e+01   1.2828869e+00
4.9677499e+01   1.4611734e+00
4.9680704e+01   1.6394599e+00
4.9703140e+01   1.3720301e+00
4.9696732e+01   1.4611734e+00
4.9655063e+01   1.2828869e+00
4.9699933e+01   1.6394599e+00
4.9706345e+01   1.5503167e+00
4.9715961e+01   1.5503167e+00
4.9683908e+01   1.2828869e+00
4.9699933e+01   1.2828869e+00
4.9648657e+01   1.5503167e+00
4.9677499e+01   1.4611734e+00
4.9648657e+01   1.6394599e+00
4.9651860e+01   1.4611734e+00
4.9655063e+01   1.2828869e+00
4.9639041e+01   1.6394599e+00
4.9635834e+01   1.4611734e+00
4.9639041e+01   1.3720301e+00
4.9619809e+01   1.6394599e+00
4.9587759e+01   1.6394599e+00
4.9616605e+01   1.5503167e+00
4.9655063e+01   1.4611734e+00
4.9651862e+01   1.4611734e+00
4.9671091e+01   1.4611734e+00
4.9719165e+01   1.2828869e+00
4.9722369e+01   1.6394599e+00
4.9767242e+01   1.8177462e+00
4.9764035e+01   1.4611734e+00
4.9805701e+01   1.4611734e+00
4.9815314e+01   1.4611734e+00
4.9828134e+01   1.4611734e+00
4.9834546e+01   1.6394599e+00
4.9873004e+01   1.5503167e+00
4.9837747e+01   1.2828869e+00
4.9844159e+01   1.5503167e+00
4.9850571e+01   1.4611734e+00
4.9853775e+01   1.9068894e+00
4.9853775e+01   1.7286029e+00
4.9834546e+01   1.4611734e+00
4.9824930e+01   1.3720301e+00
4.9840955e+01   1.6394599e+00
4.9847366e+01   1.8177462e+00
4.9824930e+01   1.7286029e+00
4.9831342e+01   1.3720301e+00
4.9818518e+01   1.2828869e+00
4.9828134e+01   2.0154116e+00
4.9812112e+01   1.7286029e+00
4.9815314e+01   1.5503167e+00
4.9812112e+01   1.3720301e+00
4.9802496e+01   1.4611734e+00
4.9792877e+01   1.6394599e+00
4.9834546e+01   1.3720301e+00
4.9821725e+01   1.8177462e+00
4.9828134e+01   1.4611734e+00
4.9879416e+01   1.2828869e+00
4.9898645e+01   1.5503167e+00
4.9924286e+01   1.4611734e+00
4.9933899e+01   1.9068894e+00
4.9965952e+01   1.7286029e+00
4.9962744e+01   1.5503167e+00
4.9975565e+01   1.3720301e+00
5.0001202e+01   1.3720301e+00
5.0014026e+01   1.7286029e+00
5.0004410e+01   1.8177462e+00
5.0020438e+01   1.6394599e+00
5.0004410e+01   1.5503167e+00
5.0004410e+01   1.4611734e+00
5.0007614e+01   1.4611734e+00
5.0004410e+01   1.6394599e+00
5.0020438e+01   1.6394599e+00
4.9991592e+01   1.6394599e+00
5.0010822e+01   1.6394599e+00
5.0014026e+01   1.2828869e+00
4.9965952e+01   1.4611734e+00
4.9994797e+01   1.5503167e+00
5.0010822e+01   2.0154116e+00
4.9985181e+01   1.6394599e+00
4.9959540e+01   1.4611734e+00
4.9949927e+01   1.6394599e+00
4.9975565e+01   1.7286029e+00
4.9949927e+01   1.6394599e+00
4.9949927e+01   1.7286029e+00
5.0004410e+01   1.5503167e+00
4.9981973e+01   2.0154116e+00
5.0030051e+01   1.5503167e+00
5.0042871e+01   1.6394599e+00
5.0033255e+01   1.5503167e+00
5.0062100e+01   1.4611734e+00
5.0049280e+01   2.0154116e+00
5.0062100e+01   1.3720301e+00
5.0097354e+01   1.3720301e+00
5.0065308e+01   1.6394599e+00
5.0106970e+01   1.4611734e+00
5.0097354e+01   1.6394599e+00
5.0100558e+01   1.6394599e+00
5.0071713e+01   1.6394599e+00
5.0074921e+01   1.7286029e+00
5.0071713e+01   1.5503167e+00
5.0113379e+01   1.5503167e+00
5.0062100e+01   1.3720301e+00
5.0055692e+01   1.6402108e+00
5.0100558e+01   1.6409618e+00
5.0052484e+01   1.6417127e+00
5.0094150e+01   1.5533204e+00
5.0036459e+01   1.7323576e+00
5.0055692e+01   1.2873925e+00
5.0062100e+01   1.5555732e+00
5.0071713e+01   1.5563242e+00
5.0058896e+01   1.7353614e+00
5.0081329e+01   1.9143988e+00
5.0046072e+01   1.3802904e+00
5.0068509e+01   1.6484711e+00
5.0097354e+01   1.4709356e+00
5.0074921e+01   1.6499730e+00
5.0081329e+01   1.7398670e+00
5.0113379e+01   1.6514749e+00
5.0087741e+01   1.8305121e+00
5.0126199e+01   1.3855470e+00
5.0106970e+01   1.3862979e+00
5.0106970e+01   1.6544787e+00
5.0135812e+01   1.7443727e+00
5.0122995e+01   2.1210756e+00
5.0126199e+01   1.8350178e+00
5.0129407e+01   1.7466255e+00
5.0126199e+01   1.3016603e+00
5.0116583e+01   1.3024113e+00
5.0122995e+01   1.5705920e+00
5.0119791e+01   1.8387724e+00
5.0100558e+01   1.5720939e+00
5.0135812e+01   1.7511311e+00
5.0132611e+01   1.6627390e+00
5.0110178e+01   1.7526330e+00
5.0126199e+01   1.5750976e+00
5.0129407e+01   1.5758486e+00
5.0127803e+01   1.6211711e+00
5.0126199e+01   1.6664937e+00
5.0094150e+01   1.8455309e+00
5.0103766e+01   1.7571386e+00
5.0119791e+01   1.4013167e+00
5.0119791e+01   1.9369269e+00
5.0103766e+01   1.5811051e+00
5.0110178e+01   1.7601424e+00
5.0126199e+01   1.4934638e+00
5.0062100e+01   1.6725012e+00
5.0106970e+01   2.0492038e+00
5.0078125e+01   1.4957166e+00
5.0055692e+01   1.4964676e+00
5.0046072e+01   1.4080751e+00
5.0020438e+01   1.5871127e+00
5.0046072e+01   1.6770068e+00
5.0039667e+01   1.5886145e+00
5.0049280e+01   1.6785087e+00
5.0030051e+01   1.4118298e+00
5.0039667e+01   1.6800106e+00
5.0042871e+01   1.6807615e+00
5.0026843e+01   1.5032260e+00
5.0010822e+01   1.5039769e+00
5.0049280e+01   1.5938711e+00
5.0039667e+01   1.8620515e+00
5.0010822e+01   1.6845162e+00
5.0046072e+01   1.6852671e+00
5.0036459e+01   1.5968749e+00
5.0020438e+01   1.3301960e+00
5.0065308e+01   1.7766630e+00
5.0010822e+01   1.9557004e+00
5.0036459e+01   1.7781649e+00
5.0049280e+01   1.6897728e+00
5.0036459e+01   1.4230939e+00
5.0068509e+01   1.4238448e+00
5.0039667e+01   1.6028824e+00
5.0058896e+01   1.7819196e+00
5.0046072e+01   1.6935275e+00
5.0097354e+01   1.8725647e+00
5.0065308e+01   1.6058861e+00
5.0036459e+01   1.4283505e+00
5.0049280e+01   1.5182448e+00
5.0020438e+01   1.8755684e+00
5.0001202e+01   1.8763194e+00
4.9997998e+01   1.7879271e+00
4.9985181e+01   1.3429620e+00
4.9972360e+01   1.5219995e+00
4.9985181e+01   1.7901799e+00
4.9978769e+01   1.8800741e+00
4.9953128e+01   1.8808250e+00
4.9981973e+01   1.4358599e+00
4.9959540e+01   1.7931837e+00
4.9991592e+01   1.7047915e+00
4.9972360e+01   1.7055425e+00
4.9959540e+01   1.9737229e+00
4.9959540e+01   1.5287579e+00
4.9991592e+01   1.7077953e+00
4.9988385e+01   1.3519732e+00
4.9969156e+01   1.7092972e+00
4.9956332e+01   1.7100481e+00
4.9988385e+01   1.4433693e+00
4.9981973e+01   1.7115500e+00
4.9965952e+01   2.1773960e+00
5.0017230e+01   1.6239087e+00
4.9981973e+01   1.6246596e+00
4.9997998e+01   1.2688376e+00
5.0010822e+01   1.4478749e+00
4.9981973e+01   1.7160556e+00
4.9959540e+01   1.8950928e+00
4.9962744e+01   1.6284143e+00
4.9943515e+01   1.3617354e+00
4.9981973e+01   1.6299162e+00
4.9956332e+01   1.3632373e+00
4.9969156e+01   1.8097043e+00
4.9943515e+01   1.9887417e+00
4.9940311e+01   1.3654901e+00
4.9965952e+01   1.5445276e+00
4.9959540e+01   1.7235650e+00
4.9933899e+01   1.8134590e+00
4.9946722e+01   1.5467805e+00
4.9972360e+01   1.8149609e+00
4.9956332e+01   1.6374255e+00
4.9943515e+01   1.8164628e+00
4.9978769e+01   1.4606408e+00
4.9946722e+01   1.4613918e+00
4.9905057e+01   1.6404293e+00
4.9927490e+01   1.8194665e+00
4.9962744e+01   1.9093607e+00
4.9972360e+01   1.6426821e+00
4.9975565e+01   1.4651465e+00
4.9927490e+01   1.4658974e+00
4.9949927e+01   1.5557917e+00
4.9959540e+01   1.5565427e+00
4.9956332e+01   1.4681502e+00
4.9956332e+01   1.6471878e+00
4.9962744e+01   1.4696521e+00
4.9921082e+01   1.6486896e+00
4.9969156e+01   2.2036788e+00
4.9981973e+01   1.7393347e+00
4.9972360e+01   1.7400857e+00
4.9956332e+01   1.3842636e+00
4.9943515e+01   1.4741577e+00
4.9953128e+01   1.8314815e+00
4.9981973e+01   1.8322325e+00
4.9940311e+01   1.9221266e+00
4.9978769e+01   1.6554481e+00
4.9972360e+01   1.3887692e+00
4.9930695e+01   1.6569500e+00
4.9933899e+01   1.5685577e+00
4.9940311e+01   1.8367381e+00
4.9927490e+01   1.6592028e+00
4.9908258e+01   1.4816671e+00
4.9930695e+01   1.7498479e+00
4.9901852e+01   1.6614556e+00
4.9911465e+01   1.9296360e+00
4.9927490e+01   1.8412437e+00
4.9917874e+01   1.5745652e+00
4.9911465e+01   1.9318888e+00
4.9908258e+01   1.4869237e+00
4.9937103e+01   1.7551044e+00
4.9943515e+01   1.8449984e+00
4.9911465e+01   1.4891765e+00
4.9911465e+01   1.5790708e+00
4.9933899e+01   1.4015352e+00
4.9946722e+01   1.5805727e+00
4.9940311e+01   1.4921803e+00
4.9921082e+01   1.8495041e+00
4.9940311e+01   1.4936821e+00
4.9940311e+01   1.7618629e+00
4.9940311e+01   1.5843274e+00
4.9962744e+01   1.8525078e+00
4.9940311e+01   1.7641157e+00
4.9969156e+01   2.0322961e+00
4.9905057e+01   1.6764744e+00
4.9930695e+01   1.6772253e+00
4.9933899e+01   1.5888330e+00
4.9914670e+01   1.6787272e+00
4.9905057e+01   1.5903349e+00
4.9940311e+01   2.0368018e+00
4.9895441e+01   1.5026934e+00
4.9914670e+01   1.5925877e+00
4.9901852e+01   1.4150521e+00
4.9895441e+01   1.5049462e+00
4.9873004e+01   2.0405565e+00
4.9895441e+01   1.7738779e+00
4.9917874e+01   1.7746288e+00
4.9889029e+01   1.8645228e+00
4.9895441e+01   1.5087009e+00
4.9901852e+01   1.7768817e+00
4.9908258e+01   1.6884894e+00
4.9898645e+01   1.8675266e+00
4.9905057e+01   1.6899913e+00
4.9892233e+01   1.6015990e+00
4.9869800e+01   1.7806363e+00
4.9895441e+01   1.6031009e+00
4.9905057e+01   1.6929950e+00
4.9924286e+01   1.6937459e+00
4.9905057e+01   1.7836401e+00
4.9908258e+01   1.7843910e+00
4.9927490e+01   1.4285690e+00
4.9895441e+01   1.4293199e+00
4.9895441e+01   1.6975006e+00
4.9921082e+01   1.9656811e+00
4.9917874e+01   1.9664320e+00
4.9911465e+01   1.6997535e+00
4.9898645e+01   1.4330746e+00
4.9921082e+01   1.7903986e+00
4.9917874e+01   1.7911495e+00
4.9914670e+01   1.9701867e+00
4.9927490e+01   1.4360784e+00
4.9930695e+01   1.7042591e+00
4.9930695e+01   1.7050100e+00
4.9933899e+01   1.8840473e+00
4.9937103e+01   1.7956551e+00
4.9911465e+01   1.7072628e+00
4.9933899e+01   1.7971570e+00
4.9940311e+01   1.5304781e+00
4.9937103e+01   1.8878019e+00
4.9959540e+01   1.9776961e+00
4.9946722e+01   1.8001608e+00
4.9933899e+01   1.6226253e+00
4.9951527e+01   1.7125194e+00
4.9969156e+01   1.8024136e+00
4.9959540e+01   1.8031645e+00
4.9972360e+01   1.6256290e+00
4.9965952e+01   1.9829527e+00
4.9937103e+01   1.8945604e+00
4.9965952e+01   1.9844545e+00
4.9943515e+01   1.8069192e+00
4.9937103e+01   1.5402403e+00
4.9946722e+01   1.7192779e+00
4.9933899e+01   1.9874583e+00
4.9943515e+01   1.8099230e+00
4.9937103e+01   1.6323875e+00
4.9949927e+01   1.4548518e+00
4.9927490e+01   1.9013188e+00
4.9953128e+01   1.8129267e+00
4.9927490e+01   2.0811072e+00
4.9949927e+01   1.6361422e+00
4.9933899e+01   1.4586065e+00
4.9949927e+01   1.8159305e+00
4.9978769e+01   1.9949677e+00
4.9969156e+01   1.9065754e+00
4.9933899e+01   1.9964696e+00
4.9965952e+01   1.7297910e+00
4.9959540e+01   1.7305419e+00
4.9969156e+01   1.6421497e+00
4.9946722e+01   1.9103301e+00
4.9972360e+01   1.9110810e+00
4.9917874e+01   1.6444025e+00
4.9959540e+01   1.9125829e+00
4.9965952e+01   1.6459044e+00
4.9965952e+01   1.8249417e+00
4.9988385e+01   1.5582629e+00
4.9949927e+01   1.7373004e+00
4.9937103e+01   2.0054808e+00
4.9962744e+01   1.7388023e+00
4.9956332e+01   1.6504100e+00
4.9981973e+01   1.5620176e+00
4.9959540e+01   2.0084846e+00
4.9933899e+01   2.2069009e+00
4.9956332e+01   1.9208432e+00
4.9969156e+01   1.7433079e+00
4.9972360e+01   1.8332021e+00
4.9994797e+01   1.7448098e+00
5.0014026e+01   1.9238470e+00
5.0004410e+01   2.0137412e+00
5.0020438e+01   1.5687760e+00
5.0039667e+01   1.5695270e+00
5.0039667e+01   1.7485645e+00
5.0071713e+01   1.4818856e+00
5.0055692e+01   2.0174958e+00
5.0084537e+01   1.9291036e+00
5.0087741e+01   1.9298545e+00
5.0042871e+01   1.6631759e+00
5.0039667e+01   1.4856403e+00
5.0039667e+01   1.7538210e+00
5.0078125e+01   1.8437152e+00
5.0033255e+01   1.4878931e+00
5.0071713e+01   1.7560739e+00
5.0049280e+01   1.8459680e+00
5.0033255e+01   1.6684325e+00
5.0078125e+01   1.6691835e+00
5.0030051e+01   1.4916478e+00
5.0055692e+01   1.4923988e+00
5.0020438e+01   1.5822929e+00
5.0068509e+01   2.3155687e+00
5.0046072e+01   1.6729382e+00
5.0030051e+01   1.8519755e+00
5.0042871e+01   1.5852967e+00
5.0062100e+01   1.6751910e+00
5.0042871e+01   1.8542283e+00
5.0036459e+01   1.8549793e+00
5.0078125e+01   2.1231597e+00
5.0081329e+01   1.6781947e+00
5.0049280e+01   1.8572321e+00
5.0062100e+01   1.8579830e+00
5.0074921e+01   1.7695908e+00
5.0062100e+01   2.0377712e+00
5.0068509e+01   1.8602358e+00
5.0090942e+01   2.1284163e+00
5.0071713e+01   1.5051647e+00
5.0097354e+01   1.9516317e+00
5.0100558e+01   1.5066666e+00
5.0062100e+01   1.5965607e+00
5.0090942e+01   1.9538845e+00
5.0055692e+01   1.7763492e+00
5.0068509e+01   1.9553864e+00
5.0084537e+01   1.6887079e+00
5.0062100e+01   2.0460315e+00
5.0090942e+01   1.7793530e+00
5.0081329e+01   1.7801039e+00
5.0074921e+01   1.7808548e+00
5.0090942e+01   1.6924626e+00
5.0103766e+01   1.7823567e+00
5.0078125e+01   2.2482025e+00
5.0087741e+01   2.1404313e+00
5.0094150e+01   1.6954663e+00
5.0087741e+01   1.6070739e+00
5.0106970e+01   1.7861114e+00
5.0071713e+01   1.8760056e+00
5.0049280e+01   1.8767565e+00
5.0065308e+01   1.9666505e+00
5.0074921e+01   1.8782584e+00
5.0100558e+01   1.6115795e+00
5.0087741e+01   1.8797603e+00
5.0106970e+01   1.7913680e+00
5.0106970e+01   1.8812621e+00
5.0110178e+01   2.1494426e+00
5.0126199e+01   1.7936208e+00
5.0135812e+01   2.0618012e+00
5.0106970e+01   1.6168361e+00
5.0158252e+01   1.7958736e+00
5.0090942e+01   1.9749108e+00
5.0119791e+01   1.7082323e+00
5.0094150e+01   2.0655559e+00
5.0129407e+01   1.7988774e+00
5.0110178e+01   1.8887715e+00
5.0122995e+01   1.8895225e+00
5.0132611e+01   1.6228436e+00
5.0129407e+01   2.0693106e+00
5.0142224e+01   1.6243455e+00
5.0132610e+01   1.8033828e+00
5.0122995e+01   1.9824202e+00
5.0142224e+01   2.3591231e+00
5.0135812e+01   1.8947790e+00
5.0129407e+01   1.9846730e+00
5.0122995e+01   1.5397079e+00
5.0122995e+01   1.8078886e+00
5.0119791e+01   1.9869258e+00
5.0122995e+01   2.0768200e+00
5.0103766e+01   2.0775709e+00
5.0097354e+01   2.1674651e+00
5.0103766e+01   1.9899296e+00
5.0142224e+01   1.9015375e+00
5.0145428e+01   1.6348586e+00
5.0199918e+01   1.6356096e+00
5.0161453e+01   1.9037903e+00
5.0177481e+01   1.9045412e+00
5.0193506e+01   1.9052922e+00
5.0206323e+01   1.8168999e+00
5.0219147e+01   1.7285076e+00
5.0199918e+01   1.6401152e+00
5.0238376e+01   1.6408661e+00
5.0209528e+01   1.7307604e+00
5.0203122e+01   1.9989409e+00
5.0241580e+01   1.9996918e+00
5.0222351e+01   2.1787292e+00
5.0228760e+01   1.9120506e+00
5.0199918e+01   1.8236583e+00
5.0212735e+01   1.6461227e+00
5.0215939e+01   1.6468736e+00
5.0222351e+01   1.9150544e+00
5.0212735e+01   1.9158053e+00
5.0199918e+01   2.3816513e+00
5.0203122e+01   1.6498774e+00
5.0206323e+01   2.0072012e+00
5.0196710e+01   2.1862386e+00
5.0199918e+01   2.0978463e+00
5.0206323e+01   1.5637379e+00
5.0206323e+01   1.9210619e+00
5.0235168e+01   2.0109559e+00
5.0212735e+01   1.9225638e+00
5.0225555e+01   2.1016010e+00
5.0228760e+01   1.6566358e+00
5.0235168e+01   1.9248166e+00
5.0247992e+01   1.6581377e+00
5.0324908e+01   1.8371752e+00
5.0292862e+01   1.8379262e+00
5.0296066e+01   2.0169634e+00
5.0328116e+01   1.8394281e+00
5.0356961e+01   2.1076085e+00
5.0353754e+01   1.9300731e+00
5.0376190e+01   1.8416809e+00
5.0382602e+01   2.3966701e+00
5.0414648e+01   1.8431827e+00
5.0392215e+01   1.9330769e+00
5.0408243e+01   1.6663980e+00
5.0398624e+01   1.9345788e+00
5.0379395e+01   2.0244728e+00
5.0417853e+01   1.9360807e+00
5.0366574e+01   2.2042611e+00
5.0369778e+01   2.0267256e+00
5.0360165e+01   1.9383335e+00
5.0372983e+01   1.7607980e+00
5.0363373e+01   1.9398353e+00
5.0353754e+01   2.0297294e+00
5.0344138e+01   1.8521940e+00
5.0340936e+01   1.9420882e+00
5.0347345e+01   1.8536959e+00
5.0331320e+01   2.0327331e+00
5.0292862e+01   2.1226273e+00
5.0334525e+01   1.8559487e+00
5.0356961e+01   2.1241291e+00
5.0366574e+01   1.7683074e+00
5.0392215e+01   2.1256310e+00
5.0446701e+01   1.9480957e+00
5.0456317e+01   1.8597034e+00
5.0446701e+01   1.5930245e+00
5.0514005e+01   1.9503485e+00
5.0549261e+01   1.5945264e+00
5.0533234e+01   1.6844206e+00
5.0578104e+01   1.9526013e+00
5.0542850e+01   1.7750658e+00
5.0574899e+01   2.1323895e+00
5.0558875e+01   2.0439972e+00
5.0568491e+01   2.2230346e+00
5.0610156e+01   1.7780696e+00
5.0574899e+01   2.3330586e+00
5.0542850e+01   1.7795714e+00
5.0552463e+01   1.9586088e+00
5.0597333e+01   1.7810733e+00
5.0536441e+01   1.7818243e+00
5.0587720e+01   1.6934318e+00
5.0558875e+01   1.6941828e+00
5.0546057e+01   1.7840771e+00
5.0555670e+01   2.0522575e+00
5.0536441e+01   1.6964356e+00
5.0533234e+01   2.0537594e+00
5.0546057e+01   2.1436535e+00
5.0526828e+01   2.0552613e+00
5.0523621e+01   1.9668691e+00
5.0530029e+01   1.9676201e+00
5.0546057e+01   2.0575141e+00
5.0552463e+01   1.7016922e+00
5.0581308e+01   1.7915865e+00
5.0581308e+01   1.7031940e+00
5.0639001e+01   1.7039450e+00
5.0661435e+01   1.7938393e+00
5.0674255e+01   1.9728766e+00
5.0715918e+01   1.9736276e+00
5.0770404e+01   1.8852353e+00
5.0744766e+01   1.9751295e+00
5.0780023e+01   2.3518321e+00
5.0773611e+01   2.1549176e+00
5.0789633e+01   2.2448118e+00
5.0796045e+01   2.0672763e+00
5.0776816e+01   2.2463137e+00
5.0828094e+01   2.1579214e+00
5.0799252e+01   1.9803860e+00
5.0812070e+01   2.2485665e+00
5.0812070e+01   1.9818879e+00
5.0760788e+01   2.3585905e+00
5.0763994e+01   2.1267940e+00
5.0767200e+01   1.8949975e+00
5.0789633e+01   2.4499867e+00
5.0754382e+01   1.8073562e+00
5.0780023e+01   2.2538230e+00
5.0789633e+01   2.0762876e+00
5.0738354e+01   2.1661817e+00
5.0744766e+01   1.9886464e+00
5.0763995e+01   2.0785404e+00
5.0712714e+01   2.0792913e+00
5.0719125e+01   1.8126127e+00
5.0747971e+01   1.9025069e+00
5.0747971e+01   1.9924011e+00
5.0770404e+01   2.0822951e+00
5.0808865e+01   1.8156165e+00
5.0802457e+01   1.7272241e+00
5.0837711e+01   1.8171184e+00
5.0876169e+01   1.8178693e+00
5.0882581e+01   1.8186203e+00
5.0908221e+01   1.8193712e+00
5.0921039e+01   1.9092653e+00
5.0946680e+01   1.6425865e+00
5.0985141e+01   1.9999104e+00
5.0943472e+01   2.0006614e+00
5.0965909e+01   1.9122691e+00
5.0956296e+01   1.7347335e+00
5.0981937e+01   2.0029142e+00
5.0978729e+01   1.8253787e+00
5.0959500e+01   2.0935591e+00
5.0940271e+01   2.0051670e+00
5.0917838e+01   2.1842042e+00
5.0933859e+01   1.8283825e+00
5.0949884e+01   1.8291334e+00
5.0930655e+01   2.0081708e+00
5.0927451e+01   1.9197785e+00
5.0908221e+01   1.9205294e+00
5.0921039e+01   2.0104236e+00
5.0914630e+01   2.1003176e+00
5.0933859e+01   1.9227822e+00
5.0905014e+01   2.0126764e+00
5.0898602e+01   2.1025704e+00
5.0895401e+01   2.0141783e+00
5.0908221e+01   1.8366428e+00
5.0917838e+01   1.9265369e+00
5.0940271e+01   1.8381447e+00
5.0985141e+01   2.0171820e+00
5.0994754e+01   1.7505032e+00
5.1004370e+01   2.1078270e+00
5.1017191e+01   1.6628618e+00
5.1042828e+01   2.1093289e+00
5.1074881e+01   2.0209367e+00
5.1052448e+01   2.0216877e+00
5.1090906e+01   1.8441522e+00
5.1055652e+01   1.7557597e+00
5.1087698e+01   1.9347973e+00
5.1094110e+01   2.1138345e+00
5.1103723e+01   1.9362991e+00
5.1097318e+01   2.2936228e+00
5.1094110e+01   1.8486578e+00
5.1097318e+01   1.9385520e+00
5.1087698e+01   2.2958756e+00
5.1087698e+01   1.9400538e+00
5.1094110e+01   2.0299480e+00
5.1065265e+01   1.9415557e+00
5.1046036e+01   2.2097361e+00
5.1068469e+01   2.2996303e+00
5.1062057e+01   2.0329517e+00
5.1074881e+01   2.1228457e+00
5.1036420e+01   2.2127399e+00
5.1058853e+01   2.1243476e+00
5.1074881e+01   2.0359555e+00
5.1052448e+01   2.2149927e+00
5.1055652e+01   2.0374574e+00
5.1058853e+01   2.1273514e+00
5.1071677e+01   2.4149109e+00
5.1078085e+01   2.1288533e+00
5.1090906e+01   2.2187474e+00
5.1100522e+01   2.0412121e+00
5.1103723e+01   2.3093925e+00
5.1078085e+01   2.2210002e+00
5.1084494e+01   2.1326080e+00
5.1103723e+01   2.3116453e+00
5.1090906e+01   2.2232530e+00
5.1113339e+01   2.0457177e+00
5.1126160e+01   2.1356117e+00
5.1126160e+01   1.9580764e+00
5.1119751e+01   1.9588273e+00
5.1110135e+01   1.9595782e+00
5.1113339e+01   2.0494724e+00
5.1119751e+01   1.9610801e+00
5.1103723e+01   2.1401173e+00
5.1135776e+01   1.8734388e+00
5.1090906e+01   1.9633329e+00
5.1113339e+01   1.9640839e+00
5.1110135e+01   1.9648348e+00
5.1084494e+01   2.3221585e+00
5.1113339e+01   1.8771935e+00
5.1100522e+01   1.9670876e+00
5.1097318e+01   2.0569818e+00
5.1116547e+01   2.0577327e+00
5.1106927e+01   1.9693404e+00
5.1087698e+01   2.0592346e+00
5.1106927e+01   2.1491286e+00
5.1103723e+01   2.3281660e+00
5.1116547e+01   2.1506305e+00
5.1161417e+01   2.2405246e+00
5.1129364e+01   2.1521324e+00
5.1116547e+01   2.3311697e+00
5.1126160e+01   2.3319207e+00
5.1138980e+01   2.3326716e+00
5.1135776e+01   2.2442793e+00
5.1132568e+01   2.5318390e+00
5.1145392e+01   1.9783517e+00
5.1148596e+01   2.2465321e+00
5.1138980e+01   2.1581399e+00
5.1155005e+01   2.2480340e+00
5.1138980e+01   2.0704987e+00
5.1151797e+01   1.9821064e+00
5.1174234e+01   2.0720006e+00
5.1164621e+01   2.1618946e+00
5.1161417e+01   1.9843592e+00
5.1155006e+01   2.0296818e+00
5.1148596e+01   2.0750043e+00
5.1155005e+01   1.8083254e+00
5.1155005e+01   2.1656493e+00
5.1171033e+01   2.0772571e+00
5.1132568e+01   1.9888648e+00
5.1155005e+01   1.9004726e+00
5.1142184e+01   1.9012235e+00
5.1135776e+01   2.0802609e+00
5.1135776e+01   2.1701549e+00
5.1155005e+01   2.3491923e+00
5.1167825e+01   2.1716568e+00
5.1129364e+01   2.0832646e+00
5.1167825e+01   2.2623019e+00
5.1142184e+01   2.3521960e+00
5.1155005e+01   2.1746605e+00
5.1177438e+01   2.1754115e+00
5.1183850e+01   2.2653056e+00
5.1190262e+01   2.3551998e+00
5.1183850e+01   2.0885212e+00
5.1206287e+01   2.4652238e+00
5.1219104e+01   2.0900231e+00
5.1222308e+01   2.0907740e+00
5.1235132e+01   2.0915250e+00
5.1231927e+01   2.0031327e+00
5.1247949e+01   2.1821699e+00
5.1238336e+01   1.9154913e+00
5.1231927e+01   1.8270989e+00
5.1219104e+01   1.9169932e+00
5.1212695e+01   2.0068874e+00
5.1215900e+01   2.0076383e+00
5.1219104e+01   2.0083893e+00
5.1225513e+01   1.9199970e+00
5.1219104e+01   2.0098911e+00
5.1209491e+01   2.3672148e+00
5.1206287e+01   2.1896793e+00
5.1222308e+01   2.1012872e+00
5.1231927e+01   2.2803244e+00
5.1196667e+01   2.1919321e+00
5.1203082e+01   2.3709695e+00
5.1187054e+01   2.1042909e+00
5.1231927e+01   2.3724714e+00
5.1209491e+01   2.1949359e+00
5.1209491e+01   2.1065437e+00
5.1225513e+01   2.1964377e+00
5.1212695e+01   2.1971887e+00
5.1206287e+01   2.1979396e+00
5.1238336e+01   2.1095475e+00
5.1251154e+01   2.1994415e+00
5.1212695e+01   2.1110494e+00
5.1244745e+01   1.9335139e+00
5.1267181e+01   1.9342648e+00
5.1215900e+01   2.1133022e+00
5.1235132e+01   2.2031962e+00
5.1238336e+01   2.2039471e+00
5.1260773e+01   2.1155550e+00
5.1257568e+01   2.4922576e+00
5.1247949e+01   2.0279137e+00
5.1257568e+01   2.1178078e+00
5.1241541e+01   2.3859883e+00
5.1231927e+01   2.1193097e+00
5.1247949e+01   2.1646322e+00
5.1263971e+01   2.2099546e+00
5.1267181e+01   2.3889920e+00
5.1231927e+01   2.3897429e+00
5.1225513e+01   2.2122075e+00
5.1244745e+01   2.0346721e+00
5.1209491e+01   2.2137093e+00
5.1222308e+01   1.9470308e+00
5.1254358e+01   2.2152112e+00
5.1251154e+01   2.0376759e+00
5.1231927e+01   1.8601402e+00
5.1244745e+01   2.2174640e+00
5.1238336e+01   2.1290719e+00
5.1257568e+01   2.2189659e+00
5.1244745e+01   2.0414306e+00
5.1238336e+01   2.3987542e+00
5.1219104e+01   2.2212187e+00
5.1241541e+01   2.1328266e+00
5.1260773e+01   2.2227206e+00
5.1267181e+01   2.3126147e+00
5.1263971e+01   2.4025089e+00
5.1273590e+01   2.2249734e+00
5.1257568e+01   2.1365813e+00
5.1267181e+01   2.2264753e+00
5.1263971e+01   2.1380832e+00
5.1244745e+01   2.3171204e+00
5.1251154e+01   2.1395850e+00
5.1241541e+01   2.2294790e+00
5.1254358e+01   2.2302300e+00
5.1257568e+01   2.2309809e+00
5.1219104e+01   2.2317319e+00
5.1260773e+01   2.1433397e+00
5.1257568e+01   2.0549475e+00
5.1244745e+01   2.0556984e+00
5.1283209e+01   2.0564493e+00
5.1251154e+01   2.2354866e+00
5.1225513e+01   2.0579512e+00
5.1251154e+01   2.1478454e+00
5.1228717e+01   2.1485963e+00
5.1270386e+01   2.1493472e+00
5.1244745e+01   2.4175277e+00
5.1241541e+01   2.3291354e+00
5.1267181e+01   2.4190296e+00
5.1279999e+01   2.3306373e+00
5.1263971e+01   2.6181970e+00
5.1276794e+01   2.2429959e+00
5.1260773e+01   1.9763174e+00
5.1263971e+01   2.0662115e+00
5.1292816e+01   2.3343920e+00
5.1283209e+01   2.1568566e+00
5.1299231e+01   1.9793211e+00
5.1308844e+01   2.2475016e+00
5.1292816e+01   1.9808230e+00
5.1296027e+01   2.0707172e+00
5.1312048e+01   2.3388976e+00
5.1289612e+01   2.3396485e+00
5.1337689e+01   2.3403995e+00
5.1318457e+01   2.1628641e+00
5.1308844e+01   2.2527581e+00
5.1279999e+01   2.5403177e+00
5.1296027e+01   2.4325465e+00
5.1299231e+01   2.3441542e+00
5.1289612e+01   2.2557619e+00
5.1312048e+01   2.4347993e+00
5.1318457e+01   2.2572638e+00
5.1305640e+01   2.0797284e+00
5.1279999e+01   2.2587656e+00
5.1296027e+01   2.2595166e+00
5.1289612e+01   2.2602675e+00
5.1286414e+01   2.0827322e+00
5.1286414e+01   2.1726263e+00
5.1276794e+01   2.2625203e+00
5.1273590e+01   2.2632713e+00
5.1286414e+01   2.0857359e+00
5.1286414e+01   2.2647732e+00
5.1241541e+01   2.1763810e+00
5.1279999e+01   2.4445615e+00
5.1251154e+01   2.5538346e+00
5.1235132e+01   2.3569201e+00
5.1225513e+01   2.1793848e+00
5.1247949e+01   2.1801357e+00
5.1228717e+01   2.1808867e+00
5.1231927e+01   2.1816376e+00
5.1212695e+01   2.5583402e+00
5.1231927e+01   2.1831395e+00
5.1235132e+01   2.4513199e+00
5.1215900e+01   2.1846414e+00
5.1228717e+01   2.3636786e+00
5.1212695e+01   2.0078568e+00
5.1238336e+01   2.1868942e+00
5.1235132e+01   2.0985019e+00
5.1196667e+01   2.2775391e+00
5.1228717e+01   2.1000038e+00
5.1222308e+01   2.1898979e+00
5.1263971e+01   2.4580784e+00
5.1228717e+01   2.2805429e+00
5.1238336e+01   2.3704370e+00
5.1241541e+01   2.4603312e+00
5.1254358e+01   2.2827957e+00
5.1267181e+01   2.4618331e+00
5.1247949e+01   2.6602495e+00
5.1225513e+01   2.4633349e+00
5.1257568e+01   2.3749427e+00
5.1231927e+01   2.4648368e+00
5.1251154e+01   2.1981583e+00
5.1270386e+01   2.1989092e+00
5.1244745e+01   2.2888032e+00
5.1235132e+01   2.3786974e+00
5.1251154e+01   2.2903051e+00
5.1241541e+01   2.2019129e+00
5.1254358e+01   2.2026639e+00
5.1247949e+01   2.0251284e+00
5.1263971e+01   2.1150225e+00
5.1260773e+01   2.0266303e+00
5.1286414e+01   2.0273812e+00
5.1254358e+01   2.2064186e+00
5.1251154e+01   2.2963126e+00
5.1241541e+01   2.1187772e+00
5.1241541e+01   2.3869577e+00
5.1222308e+01   2.5853740e+00
5.1228717e+01   2.4776028e+00
5.1267181e+01   2.3000673e+00
5.1257568e+01   2.2116751e+00
5.1235132e+01   2.3907124e+00
5.1235132e+01   2.2131770e+00
5.1267181e+01   2.2139280e+00
5.1260773e+01   2.3929652e+00
5.1235132e+01   2.3045729e+00
5.1235132e+01   2.2161808e+00
5.1244745e+01   2.2169317e+00
5.1231927e+01   2.3959689e+00
5.1238336e+01   2.1292904e+00
5.1244745e+01   2.3083276e+00
5.1257568e+01   2.1307923e+00
5.1279999e+01   2.3098295e+00
5.1296027e+01   2.1322941e+00
5.1296027e+01   2.2221883e+00
5.1279999e+01   2.3120823e+00
5.1360126e+01   2.4911197e+00
5.1388971e+01   2.4027274e+00
5.1350513e+01   2.1360488e+00
5.1404993e+01   2.4042293e+00
5.1388971e+01   2.3158370e+00
5.1401794e+01   2.0491584e+00
5.1392175e+01   2.3173389e+00
5.1417816e+01   2.2289467e+00
5.1430634e+01   2.3188407e+00
5.1401794e+01   2.3195917e+00
5.1427429e+01   2.4094858e+00
5.1398584e+01   2.6079022e+00
5.1395380e+01   2.4109877e+00
5.1395380e+01   2.6985474e+00
5.1360126e+01   2.5016328e+00
5.1398584e+01   2.3240973e+00
5.1388971e+01   2.2357052e+00
5.1369739e+01   2.2364561e+00
5.1353717e+01   2.0589206e+00
5.1369739e+01   2.1488148e+00
5.1366534e+01   2.1495657e+00
5.1350513e+01   1.9720301e+00
